现在我想生成一个程序，可以执行以后从数据库中获取以下数据近1个月的净值数据并生成一个Excel，他们的
代码如下000001.SH	000832.CSI	SPX.GI	931472.CSI	CBA01921.CS	10yrnote.gbm	USDCNY.IB	AU.SHF	RB.SHF	SC.INE	M.DCE
请检查我的数据库中是是否包含全部需要的数据源代码，若没有请在/Users/fanshengxia/Desktop/data_api/data/数据指标.xlsx下方增加需要的代码和指标数据。
我对应希望生成的excel的表格如下，表格名字为近1月净值走势.xlsx
	上证指数	中证转债	标普500	7-10年国开	1-3年高信用等级债券财富	10年期美国国债收益率	USDCNY	沪金	螺纹钢	原油	豆粕
2025/8/12	3665.9177	469.7258	6445.76	186.5739	225.7652	4.2907	7.1911	776.04	3258	495.2	3091
2025/8/13	3683.4648	472.9332	6466.58	186.6474	225.7595	4.2307	7.1755	777.72	3222	489.5	3163
2025/8/14	3666.4426	471.0126	6468.54	186.3377	225.7445	4.2868	7.173	778.7	3189	481.9	3157
2025/8/15	3696.7705	475.2459	6449.8	186.203	225.708	4.3179	7.1823	775.8	3188	486.3	3137
2025/8/18	3728.0273	479.6236	6449.15	185.3645	225.5599	4.3316	7.1792	777.66	3155	486.5	3155
2025/8/19	3727.2879	480.3852	6411.37	185.7122	225.5124	4.3062	7.182	775.06	3126	484.2	3161
2025/8/20	3766.2104	482.1048	6395.78	185.5477	225.51	4.2868	7.1793	772.68	3132	482.8	3160
2025/8/21	3771.0989	484.1253	6370.17	185.9599	225.4959	4.316	7.1778	775.12	3121	490.9	3113
2025/8/22	3825.7592	488.7186	6466.91	185.8931	225.4928	4.2615	7.1805	773.4	3119	493.6	3088
2025/8/25	3883.5617	490.9831	6439.32	186.2945	225.5587	4.2693	7.1517	779.18	3138	492.9	3117
2025/8/26	3868.382	490.7594	6465.94	186.3822	225.6048	4.2615	7.1621	781.12	3113	496.1	3081
2025/8/27	3800.3499	476.941	6481.4	186.2858	225.659	4.2343	7.1622	781.16	3111	479.7	3045
2025/8/28	3843.5974	477.8422	6501.86	185.6849	225.673	4.2014	7.1385	783.22	3129	481.7	3039
2025/8/29	3857.9274	476.113	6460.26	185.837	225.6958	4.2245	7.133	785.12	3090	485.2	3055
2025/9/1	3875.5304	472.6729	6460.26	185.9606	225.7477	4.2245	7.1332	800.56	3115	483.5	3054
2025/9/2	3858.1334	468.5273	6415.54	185.9989	225.7628	4.2595	7.1476	804.32	3117	490.4	3050
2025/9/3	3813.5566	469.74	6448.26	186.2118	225.822	4.2168	7.1468	814.88	3106	493.2	3066
2025/9/4	3765.8759	468.8432	6502.08	186.2163	225.8853	4.1607	7.1402	812.98	3117	481	3048
2025/9/5	3812.5143	479.0023	6481.5	185.8658	225.8867	4.0761	7.1378	815.6	3143	482	3067
2025/9/8	3826.8407	482.0418	6495.15	185.6545	225.8837	4.0379	7.1321	822.86	3132	490.5	3081
2025/9/9	3807.2923	477.4143	6512.61	185.2764	225.8651	4.0894	7.1248	834.48	3123	482.8	3075
2025/9/10	3812.2212	474.3999	6532.04	184.7132	225.8041	4.0473	7.1221	833.42	3109	486.2	3066
2025/9/11	3875.3094	480.2478	6587.47	184.7389	225.7536	4.0244	7.1235	830.78	3092	489.2	3088
2025/9/12	3870.5984	481.0447	6584.29	184.9682	225.7614	4.0701	7.1224	834.22	3127	475.3	3079